
[-1, 0, 0, 0, 0, -1, -1, -1, 0, 0, 1, -1, 0, 1, 1, -1, 1, -1, 0, -1, 0, 1, 0, 1, 0, 1, 1, -1, -1, 0, 0, -1, 0, 0, 1, 0, 0, 0, 1, 0, 0, 0, 0, 1, 0, 1, 0, 0, 0, 0, 0, -1, 1, 0, 0, -1, -1, 1, 0, 1, -1, 0, 0, 0]

[0.6711499660509399, -0.9229623848614099, 0.5324008688975757, 0.46194206816068517, 0.410735796757292, -0.8627674298958441, 0.4806118239895496, -0.1573138760538253, 0.7828336231545578, 0.7463982854077713, 0.852922639426005, 0.213365713057601, -0.03652166091896536, -0.6786337408770353, 0.48446081248089534, 0.8110085585472442, -0.29092812253250777, 0.8191710317886538, -0.7939740044273438, 0.46630961560694795, 0.26765895232507964, -0.272394116209131, 0.3991325613685559, -0.3483756209137092, -0.8025236192907497, 0.9015204247977366, 0.4776013707800786, -0.11117810056108146, -0.7145333509663856, 0.44864676533204095, 0.21676612491812142, 0.9251069619578116, -0.731693670615813, 0.7114820621774416, 0.12158166504202894, 0.6530565088954399, 0.6366278057887023, 0.7876496075038601, -0.9821714834375781, -0.4162295645763594, -0.1764235183578493, -0.47590103672808715, -0.8714830334776615, 0.18468040672133457, 0.11845517994305688, 0.5319862035758298, 0.26602528359464106, 0.978109265821764, -0.3852336243172747, -0.9655588344510639, -0.8690034503947492, 0.1257444663951972, 0.6104520102928945, -0.9023639389621665, -0.8550847016125447, -0.7449952975723306, 0.48599709207459574, -0.9191869303521805, -0.6488727101938538, 0.3753141375634699, -0.8459464169436712, -0.016909392172403948, 0.5822922334967409, 0.4393639707711179]

// Thin lines
[0.7136120123247864, -0.5618530262842873, 0.2822426030266949, 0.6546016484354462, -0.39517468724927163, 0.4159396100980639, -0.023205156145065242, -0.7204420753297636, 0.5988995008210987, 0.11045751093206047, -0.7898151051024032, 0.8680657109676257, 0.2002032812293968, -0.4150800142594, 0.6999027830639917, -0.6177740957198705, 0.5404239113787201, 0.010766137976718326, -0.6360036331640178, 0.1504247754016843, 0.7783854887386048, -0.5809706996596447, -0.4438220102443027, -0.12491392850283578, -0.05041329679783901, 0.12288344484291658, -0.050971612977893876, 0.31547745935151017, 0.6274364007110336, 0.29201599704807, -0.4800068814073284, 0.32047398287563533, 0.16098487290304142, 0.10779039591719064, -0.15561235950784225, 0.4349661678588719, -0.1597479132867532, -0.0543511759790003, -0.5508515425176608, -0.6113578213496313, -0.3283413972445661, 0.7708000009235914, 0.8029952809217278, -0.8371498428992439, -0.5988789188873507, -0.6189696571886962, 0.14180387715471854, -0.9798320229466655, -0.564735018630139, -0.5007867712839058, -0.389406615435008, -0.08967160688086473, -0.7917699515633454, -0.8036822164352246, 0.682763536356827, 0.7732096135035254, 0.14967910079926527, -0.3527795942208969, 0.5654864400314343, 0.11631657588795097, 0.6728979504079642, 0.40145276079446335, 0.13122986774887924, 0.1703342705859061]

nice maze
[0.3256975571027376, -0.4972798370104661, 0.2547643868792475, 0.949188256382691, -0.05239960489492779, 0.44172626058485776, 0.2663606143068793, 0.3586777965367207, -0.37159886991763713, 0.4030380976070602, 0.7434697717682117, 0.7783886335048402, -0.9950429832887071, 0.5405063984779113, -0.5480043922156992, -0.9516544390717714, 0.021916804038120574, -0.9211371998301874, -0.5208271243471447, 0.8923751762664311, -0.7700753640288442, 0.24954544068213202, -0.3943982579688212, 0.9461062359011123, 0.26155616891878086, 0.5024885164495076, 0.3139399970103818, 0.15135693096535263, 0.9127676036625072, -0.9803639901460124, -0.15070042490200874, -0.017998200358351202, -0.8199872914218886, 0.36310786452283095, -0.2809334048252645, -0.733995720292643, -0.642235677874087, 0.0004693416711338827, -0.2818913551201865, 0.2845510240071847, 0.40589864221263916, -0.5185246074374588, -0.3329980716058807, 0.24923729072759881, 0.6383004441918421, -0.8598403039934159, 0.44213353919849885, 0.8848377095022837, -0.5398103117956561, 0.37104091500446046, -0.6048856610053193, -0.4643700482462694, -0.9059807117283887, 0.5176099639155618, -0.5417044266329882, -0.5024111798524156, -0.6307372652315353, -0.18692267602410562, -0.8289379303329598, 0.6710971967005999, -0.9043729787290666, 0.7361185624114932, 0.6401429213183096, 0.9894890649539181]
[0.3630550688522105, -0.47232587014541316, 0.2547643868792475, 0.912501706048805, -0.05239960489492779, -0.20108246381911998, 0.6516656897284636, 0.3586777965367207, -0.37159886991763713, 0.4030380976070602, 0.7432085446992569, 0.4977295027754416, -0.9950429832887071, 0.5405063984779113, -0.8494760395827057, -0.8230695798932419, 0.2652640571684197, -1.0765110017632478, -0.09998275001520485, 0.8923751762664311, -0.7700753640288442, 0.24954544068213202, -0.26013285637218386, 0.9461062359011123, 0.26155616891878086, 0.5024885164495076, 0.04270233296599546, 0.15135693096535263, 0.9127676036625072, -0.9803639901460124, -0.5303889515641225, 0.2943184963830827, -0.6596268699236318, 0.36310786452283095, -0.2809334048252645, -0.733995720292643, -0.642235677874087, -0.37682083842594105, -0.2818913551201865, 0.41622470252481825, 0.40589864221263916, -0.45563299934058943, -0.3329980716058807, 0.24923729072759881, 0.6383004441918421, -0.8598403039934159, 0.6941546858344971, 0.9295224348531042, -0.5398103117956561, 0.37104091500446046, -0.6048856610053193, -0.4643700482462694, -0.9059807117283887, 0.5176099639155618, -0.2598060060681009, -0.5024111798524156, -0.6307372652315353, -0.18692267602410562, -0.8289379303329598, 0.6710971967005999, -0.9043729787290666, 0.7361185624114932, 0.7833220237243916, 0.9894890649539181]
[0.3630550688522105, -0.47232587014541316, 0.2547643868792475, 0.912501706048805, -0.05239960489492779, -0.20108246381911998, 0.6516656897284636, 0.3586777965367207, -0.5297612185649168, 0.8828692040606658, 0.7432085446992569, 0.4977295027754416, -1.274835842877587, 0.5405063984779113, -0.8494760395827057, -0.8230695798932419, 0.5924175374253988, -1.0765110017632478, -0.09998275001520485, 0.8923751762664311, -0.7700753640288442, 0.24954544068213202, -0.26013285637218386, 0.9461062359011123, 0.26155616891878086, 0.5446970744330748, 0.04270233296599546, 0.15135693096535263, 0.9127676036625072, -0.8407490318309125, -0.5303889515641225, 0.2943184963830827, -0.6596268699236318, 0.36310786452283095, -0.2809334048252645, -0.733995720292643, -0.642235677874087, -0.37682083842594105, -0.2818913551201865, 0.41622470252481825, 0.40589864221263916, -0.45563299934058943, -0.3329980716058807, 0.24923729072759881, 0.6383004441918421, -0.8598403039934159, 0.6941546858344971, 0.877126100201862, -0.9609107804369936, 0.37104091500446046, -0.6048856610053193, -0.4643700482462694, -0.9059807117283887, 0.5176099639155618, -0.2598060060681009, -0.5024111798524156, -0.6307372652315353, -0.18692267602410562, -0.8289379303329598, 0.6710971967005999, -0.9043729787290666, 0.7361185624114932, 0.7833220237243916, 0.9894890649539181]